predict_full_net: 0.000127819061279 sec per call
predict_30_single_nets: 0.00399331212044 sec per call
predict_decision_tree: 7.54160881042e-05 sec per call
predict_ligpy: 3.19028146267 sec per call
